I. AD DECLAMATIONES XIX.

1012 11181118 280, 21. opiam
249,7. turba = 81021811 262,
2. 2111 novissimi 203,18.
novissima brevitas 159, 24.
vilitas 271, 20.

nox 133, 3. 28211. 231, 22.
286, 12. 100188 1281101128
150, 26. 0119023. noctium
1181112 25, 29. suspensas
noctes ducere 204,12. 10011-
1118001088821218111127121.

noxa 171, 23. 25818.

noxius sanguis 47, 23. noxium
021118119425. ferrum 202,
14. noxius 0110811 optat
223,13.

nubes dc 00818 18, 25.

11111118 263, 2.

110218 137, 27. 210212 70,
13. mendacium 2316.
nudus 4210. 01, 10. 122, 2.

141, 26. 230, 3. 323, 3.

numen 79, 1. 80,11. 201, 2.
201, 8. 288, 22. 233, 3. 233,
13. vagum 8211.

numerare 285, 24. 287, 3.

numerosus 181,17. 235, 2.

numerus 70, 8. 22213.

Numidia 44, 6.

nundinator 213, 23.

nuptiarum pignora 5, 22.
secretum 15, 10. querela
324,14.

111211 3181183410. obiecta
307, 22. 00111 192, 7. spes
233, 26

nutricula 0282 250, 7.

nutrire 7213. 272, 7.

Obicere 10,27. 17,8. 13016.
221, 19. 2716, 10. 307, 22.

obiectare 260,9.

011118 126, 15. 190, 8.

011181 800012180121018154

73,8. 203, 9. 239, 7. 296 6
33014.

401

obiurgare 177, 7. 240, 25.

obliquata 1812 240, 8.

0111101211 256, 15.

obnoxius 9, 4. 257,14.

01111818 56,13. 114, 3. 126, 1.
121, 18.

obsequium 74, 5. 95, 7. 208, ’
10. 208, 1. 208, 1.

obserare 190,19.

obserere 229,19.

obsidio = obsessi 94, 6.

0118018118 18, 25.

0118121817,27. 25421. 312,14.

obstrepere 106, 8.

obstringere 122, 28.

0111810818 97, 30.

obtestatio 57, 20. 174, 21.

obtinere 260, 6.

obviam 118 152, 2. 256, 9.

0111118 153,11. 339, 7. 011111 ’
10118 71, 17. 011112 181112
8018.

occasio 6, 6. 16, 10. 26, 24.
123,12. 124, 3. 138,10. 212,
10. 249,1. 00028101181111012
89,19. expositus ad omnem
occasionem 81, 8. = occisio
16, 17. :occasus 120, 24.

0002818 183,11. 258, 9.

occupare 14,10. 218,16. 237,
8. 245,6. 11111201281111812
fuerent, transeunt in ius
occupantium 253, 24.

000111818 191,16. 225, 24.
29018.

00011818 139, 29. 275,16.
211, 18. 804, 3. 323, 3. 323,
26. 33816. 345, 1. = occar-
182128 156, 23.

0082118 44,17. 55,10.

001118 15, 2. 27, 22. 38, 8.
96,12, 192, 8. 293, 4 304,

13. 00111 publici 196, 25
88011114,0.0010000“00 000

23. 001108 demittere 000, 00.

8111818004, 00. 1000010200 ,

 

