490 1110101118.

involvere 428,16. profluens 398, 6. 393, 24.
ire 398, 2. 6161116616 409, 6. 409,1.
irrationalis 39616. 411. 3. promoveri 16 im 411, 1.
414, 26. propago 389, 12.
iussio 422,1. protervitas 401, 26.
iuventus 426. 28,
0116661666 40213.
661166 416, 26. 'quis 389,11.
laesio rei publiese 411. 20.
loquentes 661 se res 390, 9. 1661111 389,11.
166166 389,11.
1161611666 394, 21. 1661666116 389, 6. 396,11.
medietas 401, 3. 1661 166616 406, 16.
munerari 408. 6. red itio 396, 1.
regalis 389, 6.
Negsre 403, 9. reputare 416, 24.
6161 61 396, 8. 1661166666 6661166 394, 28.
notare 408,19, 411, 31.
8611616 394, 2.
0111161616 406,16. 66116616 394, 1.
odiens 406, 8. 66166661 426, 3.
6616666 404, 6, 6616666 393, 4.
offuscare 394, 11. seruulis 391, 13.
6661616 422, 20. si: 6161 61 396, 8.
ordinare 411, 29. 611616 393, 4.
6666666666 421,12.
1116616666 411,10. stringere 42612.
puritas 410, 1. subtrahere 66 390, 14.
perrioidu 661166 obvolutus 66661166 411,18.
66111 simis 66 66166666 16 susurrare 411, 13.
616666666166111616661393,4. symbolum 420, 11.
perosus 418, 4.
61116666116 401, 96. ’1661116666 411,15.
6116616616 399, 11.404,e. tepidus 893, 26.
populeris 61616 410,1o. terminus 389, 4.
6616666616 396, 1. , theme 389, 6.
praecisio 396,1. tumescere 410, 3.
praemeditetur 391, 6. turbs 161616 390, 8.
616666666616 410, 21.
praestitor 406, 18. Virtus rationulis 389, 6.
6166661111616 893, 3. visus 398, 8.

-φ-

 

